Instance: instancia_n200_padrao3
Parameters: {'enable_latin_hyper_cube': False, 'enable_mutate_or_crossover': True, 'enable_uniform_crossover': True, 'population_size': 100, 'mutation_rate': 0.05, 'time_limit': 30}

(Gen. 0) BestSol = Solution: cost=[9776.0], size=[106], elements=[1, 2, 3, 4, 5, 10, 12, 13, 17, 18, 19, 20, 21, 24, 27, 28, 30, 31, 34, 35, 37, 39, 40, 42, 43, 44, 45, 46, 47, 48, 49, 55, 56, 58, 62, 63, 65, 68, 69, 72, 74, 77, 80, 81, 82, 85, 86, 88, 89, 91, 92, 93, 94, 95, 97, 99, 100, 106, 107, 109, 113, 114, 115, 117, 118, 119, 120, 121, 122, 123, 124, 125, 128, 129, 134, 135, 136, 138, 143, 145, 146, 147, 150, 153, 161, 163, 165, 166, 170, 171, 174, 175, 177, 181, 183, 184, 185, 186, 187, 189, 190, 191, 193, 196, 198, 199]
Real value = 9776.0 Cover = 200
(Gen. 0 at 4.255s) BestSol = Solution: cost=[12029.0], size=[113], elements=[1, 2, 5, 6, 10, 12, 13, 18, 19, 20, 21, 23, 24, 27, 30, 31, 32, 37, 38, 39, 40, 41, 42, 43, 44, 45, 46, 48, 49, 55, 56, 58, 59, 61, 62, 67, 68, 69, 71, 72, 74, 80, 81, 84, 85, 86, 87, 88, 89, 91, 93, 95, 99, 100, 105, 106, 107, 109, 110, 111, 112, 113, 114, 115, 116, 117, 118, 119, 120, 122, 124, 125, 128, 129, 134, 135, 136, 137, 138, 142, 143, 145, 146, 147, 148, 150, 151, 153, 156, 157, 158, 159, 161, 162, 165, 166, 167, 168, 174, 177, 180, 182, 183, 184, 185, 186, 187, 191, 193, 195, 196, 198, 199]
Real value = 12029.0 Cover = 200
(Gen. 2 at 10.307s) BestSol = Solution: cost=[15233.0], size=[111], elements=[1, 5, 6, 10, 11, 12, 13, 16, 18, 20, 21, 22, 23, 24, 27, 30, 35, 38, 39, 40, 41, 43, 44, 45, 46, 47, 55, 58, 59, 60, 61, 62, 66, 67, 71, 72, 74, 75, 78, 79, 80, 81, 83, 85, 86, 88, 89, 91, 93, 94, 95, 100, 106, 107, 110, 111, 112, 113, 114, 115, 116, 117, 118, 119, 122, 124, 125, 127, 128, 129, 132, 134, 135, 136, 137, 138, 143, 145, 146, 147, 148, 150, 151, 153, 156, 157, 158, 159, 161, 162, 163, 164, 165, 166, 168, 171, 176, 177, 178, 180, 181, 182, 183, 185, 186, 187, 189, 193, 195, 198, 199]
Real value = 15233.0 Cover = 200
(Gen. 4 at 15.25s) BestSol = Solution: cost=[16181.0], size=[120], elements=[1, 4, 5, 6, 8, 10, 11, 12, 13, 16, 18, 21, 22, 23, 24, 26, 27, 30, 35, 36, 37, 38, 39, 41, 43, 46, 47, 48, 53, 56, 59, 60, 61, 62, 63, 66, 67, 70, 71, 73, 74, 75, 78, 79, 80, 81, 83, 85, 86, 88, 89, 91, 93, 94, 100, 105, 107, 108, 109, 110, 111, 112, 113, 114, 115, 116, 117, 118, 119, 120, 122, 123, 124, 125, 127, 129, 130, 132, 134, 135, 136, 138, 143, 146, 147, 150, 151, 156, 157, 158, 159, 162, 163, 164, 165, 166, 167, 168, 173, 174, 176, 177, 178, 179, 180, 181, 182, 183, 184, 185, 186, 189, 190, 191, 193, 195, 196, 197, 198, 199]
Real value = 16181.0 Cover = 200
(Gen. 5 at 17.657s) BestSol = Solution: cost=[16239.0], size=[108], elements=[0, 1, 2, 3, 5, 7, 8, 10, 13, 16, 18, 19, 20, 22, 23, 24, 26, 27, 30, 35, 37, 38, 39, 41, 42, 43, 45, 46, 47, 48, 49, 50, 53, 54, 55, 59, 62, 63, 64, 65, 66, 68, 71, 73, 74, 75, 76, 81, 82, 84, 85, 87, 90, 93, 99, 102, 104, 105, 107, 109, 110, 112, 113, 114, 118, 119, 120, 122, 123, 125, 127, 128, 129, 131, 132, 134, 136, 137, 138, 140, 143, 144, 146, 149, 151, 153, 156, 159, 161, 162, 163, 166, 168, 169, 172, 173, 176, 178, 180, 183, 187, 188, 189, 191, 192, 193, 195, 198]
Real value = 16239.0 Cover = 200
(Gen. 6 at 20.007s) BestSol = Solution: cost=[18009.0], size=[103], elements=[5, 6, 8, 10, 11, 12, 16, 17, 18, 19, 21, 23, 24, 26, 27, 28, 30, 35, 36, 37, 38, 41, 42, 43, 45, 46, 47, 48, 52, 54, 56, 58, 61, 62, 63, 65, 66, 69, 71, 73, 74, 75, 76, 78, 80, 81, 84, 85, 88, 89, 91, 94, 95, 99, 100, 103, 108, 110, 112, 113, 114, 116, 119, 122, 124, 125, 128, 129, 131, 132, 134, 135, 139, 140, 143, 144, 145, 146, 150, 151, 153, 157, 160, 162, 163, 166, 168, 169, 171, 173, 174, 176, 178, 181, 183, 184, 187, 188, 190, 193, 194, 195, 198]
Real value = 18009.0 Cover = 200
(Gen. 7 at 22.854s) BestSol = Solution: cost=[18643.0], size=[103], elements=[0, 2, 4, 6, 8, 10, 11, 12, 18, 20, 21, 22, 23, 24, 26, 27, 33, 35, 36, 37, 38, 40, 42, 43, 44, 46, 48, 55, 58, 59, 60, 61, 62, 63, 66, 68, 70, 72, 74, 78, 81, 84, 89, 91, 93, 95, 97, 101, 104, 110, 112, 113, 114, 115, 117, 118, 119, 120, 122, 125, 127, 128, 129, 132, 136, 140, 142, 143, 145, 146, 148, 149, 150, 151, 152, 153, 156, 157, 159, 161, 162, 163, 164, 168, 169, 171, 172, 174, 176, 177, 180, 181, 182, 183, 184, 185, 186, 187, 189, 193, 195, 196, 199]
Real value = 18643.0 Cover = 200
(Gen. 8 at 25.634s) BestSol = Solution: cost=[21142.0], size=[110], elements=[3, 5, 6, 7, 8, 10, 11, 12, 13, 16, 17, 18, 19, 21, 24, 26, 27, 30, 31, 35, 36, 38, 39, 40, 41, 42, 43, 45, 46, 47, 48, 56, 57, 58, 61, 62, 63, 66, 67, 68, 71, 73, 74, 76, 78, 79, 80, 81, 82, 84, 85, 86, 89, 91, 92, 93, 94, 95, 101, 110, 112, 113, 114, 116, 120, 121, 122, 123, 124, 125, 129, 131, 132, 134, 136, 142, 143, 145, 146, 150, 151, 153, 158, 159, 161, 162, 163, 165, 166, 167, 168, 170, 171, 173, 174, 176, 177, 178, 181, 183, 184, 185, 187, 188, 190, 191, 193, 194, 196, 198]
Real value = 21142.0 Cover = 200
(Gen. 10 at 30.553s) BestSol = Solution: cost=[21257.0], size=[114], elements=[0, 1, 2, 3, 5, 6, 8, 9, 18, 19, 20, 23, 24, 26, 27, 29, 30, 35, 37, 38, 40, 42, 43, 44, 46, 47, 48, 53, 54, 55, 57, 59, 61, 62, 65, 66, 71, 72, 73, 74, 75, 76, 78, 80, 81, 85, 91, 93, 94, 97, 98, 99, 100, 104, 107, 110, 111, 112, 113, 114, 115, 116, 117, 119, 120, 122, 123, 124, 128, 129, 131, 132, 134, 135, 136, 137, 138, 140, 141, 142, 143, 146, 147, 149, 150, 151, 153, 155, 156, 157, 162, 163, 165, 166, 167, 168, 169, 171, 172, 173, 174, 175, 177, 180, 181, 183, 187, 188, 189, 190, 192, 193, 196, 198]
Real value = 21257.0 Cover = 200
maxVal = Solution: cost=[21257.0], size=[114], elements=[0, 1, 2, 3, 5, 6, 8, 9, 18, 19, 20, 23, 24, 26, 27, 29, 30, 35, 37, 38, 40, 42, 43, 44, 46, 47, 48, 53, 54, 55, 57, 59, 61, 62, 65, 66, 71, 72, 73, 74, 75, 76, 78, 80, 81, 85, 91, 93, 94, 97, 98, 99, 100, 104, 107, 110, 111, 112, 113, 114, 115, 116, 117, 119, 120, 122, 123, 124, 128, 129, 131, 132, 134, 135, 136, 137, 138, 140, 141, 142, 143, 146, 147, 149, 150, 151, 153, 155, 156, 157, 162, 163, 165, 166, 167, 168, 169, 171, 172, 173, 174, 175, 177, 180, 181, 183, 187, 188, 189, 190, 192, 193, 196, 198]
TotalTime = 30.611 seconds
