Instance: instancia_n100_padrao3
Parameters: {'enable_latin_hyper_cube': False, 'enable_mutate_or_crossover': True, 'enable_uniform_crossover': True, 'population_size': 100, 'mutation_rate': 0.05, 'time_limit': 10}

(Gen. 0) BestSol = Solution: cost=[6988.0], size=[53], elements=[0, 2, 5, 6, 9, 10, 11, 13, 14, 15, 17, 18, 19, 20, 23, 25, 27, 31, 35, 36, 38, 39, 41, 42, 43, 47, 48, 49, 50, 53, 54, 57, 59, 60, 61, 63, 64, 69, 70, 74, 75, 80, 81, 83, 84, 85, 87, 88, 89, 92, 93, 94, 95]
Real value = 6988.0 Cover = 100
(Gen. 2 at 2.928s) BestSol = Solution: cost=[9251.0], size=[60], elements=[0, 2, 5, 6, 7, 8, 9, 10, 11, 13, 15, 17, 18, 19, 20, 23, 26, 27, 28, 31, 34, 35, 39, 40, 41, 42, 43, 44, 46, 47, 48, 49, 50, 52, 53, 54, 57, 58, 59, 61, 64, 65, 69, 70, 71, 73, 74, 75, 76, 80, 83, 84, 85, 88, 89, 93, 94, 95, 97, 98]
Real value = 9251.0 Cover = 100
(Gen. 3 at 3.857s) BestSol = Solution: cost=[9555.0], size=[59], elements=[0, 1, 5, 6, 7, 8, 9, 10, 13, 15, 17, 18, 19, 23, 27, 31, 34, 35, 37, 39, 40, 42, 43, 44, 47, 48, 49, 50, 53, 54, 55, 56, 57, 58, 59, 60, 61, 64, 65, 66, 68, 70, 71, 73, 74, 75, 76, 78, 80, 81, 83, 84, 85, 86, 93, 94, 95, 97, 98]
Real value = 9555.0 Cover = 100
(Gen. 4 at 4.678s) BestSol = Solution: cost=[10959.0], size=[60], elements=[0, 2, 3, 5, 7, 8, 9, 10, 11, 15, 18, 19, 21, 23, 25, 28, 31, 34, 35, 37, 38, 39, 40, 41, 42, 43, 45, 46, 47, 49, 51, 53, 55, 57, 58, 59, 60, 61, 64, 65, 67, 69, 70, 73, 74, 75, 76, 77, 80, 84, 85, 87, 88, 89, 92, 93, 94, 95, 97, 98]
Real value = 10959.0 Cover = 100
(Gen. 7 at 6.92s) BestSol = Solution: cost=[11642.0], size=[56], elements=[2, 4, 5, 6, 7, 8, 9, 10, 11, 13, 15, 16, 18, 19, 23, 25, 26, 27, 35, 36, 37, 39, 41, 42, 43, 46, 47, 50, 53, 54, 57, 61, 64, 65, 67, 71, 72, 75, 76, 77, 80, 81, 82, 83, 84, 86, 87, 89, 91, 92, 93, 94, 95, 97, 98, 99]
Real value = 11642.0 Cover = 100
(Gen. 8 at 7.954s) BestSol = Solution: cost=[12427.0], size=[65], elements=[0, 2, 5, 8, 9, 10, 11, 13, 14, 15, 17, 19, 22, 23, 25, 26, 27, 29, 31, 34, 35, 36, 37, 38, 40, 41, 42, 43, 45, 46, 47, 48, 49, 50, 51, 54, 55, 57, 58, 59, 60, 61, 64, 65, 67, 68, 69, 70, 72, 73, 75, 76, 77, 80, 81, 83, 84, 87, 88, 89, 92, 93, 94, 95, 98]
Real value = 12427.0 Cover = 100
(Gen. 9 at 8.895s) BestSol = Solution: cost=[13027.0], size=[64], elements=[0, 2, 5, 8, 9, 10, 11, 14, 15, 17, 19, 21, 22, 23, 25, 28, 35, 36, 37, 38, 39, 40, 41, 43, 45, 46, 47, 49, 50, 51, 52, 53, 54, 56, 57, 58, 59, 60, 61, 64, 65, 66, 67, 70, 71, 72, 74, 75, 76, 80, 81, 82, 83, 84, 85, 87, 88, 89, 91, 92, 93, 94, 95, 99]
Real value = 13027.0 Cover = 100
(Gen. 10 at 9.714s) BestSol = Solution: cost=[15502.0], size=[63], elements=[1, 2, 5, 6, 8, 9, 10, 11, 13, 15, 16, 17, 18, 19, 22, 26, 27, 31, 36, 37, 39, 40, 41, 42, 43, 45, 46, 47, 48, 49, 50, 51, 53, 54, 57, 61, 63, 64, 65, 67, 69, 70, 73, 74, 75, 76, 77, 78, 80, 82, 83, 84, 85, 86, 87, 90, 91, 92, 93, 94, 95, 97, 98]
Real value = 15502.0 Cover = 100
maxVal = Solution: cost=[15502.0], size=[63], elements=[1, 2, 5, 6, 8, 9, 10, 11, 13, 15, 16, 17, 18, 19, 22, 26, 27, 31, 36, 37, 39, 40, 41, 42, 43, 45, 46, 47, 48, 49, 50, 51, 53, 54, 57, 61, 63, 64, 65, 67, 69, 70, 73, 74, 75, 76, 77, 78, 80, 82, 83, 84, 85, 86, 87, 90, 91, 92, 93, 94, 95, 97, 98]
TotalTime = 10.478 seconds
