Instance: instancia_n50_padrao3
Parameters: {'enable_latin_hyper_cube': False, 'enable_mutate_or_crossover': True, 'enable_uniform_crossover': True, 'population_size': 100, 'mutation_rate': 0.05, 'time_limit': 30}

(Gen. 0) BestSol = Solution: cost=[3647.0], size=[25], elements=[1, 2, 4, 5, 6, 7, 10, 12, 15, 18, 19, 20, 22, 23, 24, 26, 27, 30, 32, 33, 35, 37, 39, 43, 46]
Real value = 3647.0 Cover = 50
(Gen. 0 at 0.574s) BestSol = Solution: cost=[4328.0], size=[36], elements=[1, 2, 3, 4, 5, 6, 7, 8, 10, 11, 12, 13, 14, 15, 17, 18, 19, 20, 22, 23, 24, 25, 27, 29, 31, 33, 34, 35, 36, 40, 41, 42, 45, 46, 47, 49]
Real value = 4328.0 Cover = 50
(Gen. 4 at 1.795s) BestSol = Solution: cost=[4691.0], size=[33], elements=[1, 2, 3, 4, 5, 6, 8, 9, 11, 12, 15, 17, 18, 19, 20, 22, 23, 25, 26, 27, 29, 33, 35, 36, 40, 41, 42, 43, 45, 46, 47, 48, 49]
Real value = 4691.0 Cover = 50
(Gen. 5 at 2.061s) BestSol = Solution: cost=[5155.0], size=[35], elements=[1, 2, 3, 4, 5, 6, 7, 8, 10, 11, 12, 14, 15, 16, 17, 20, 22, 23, 24, 25, 26, 27, 29, 33, 34, 35, 36, 39, 40, 41, 42, 45, 46, 47, 49]
Real value = 5155.0 Cover = 50
(Gen. 6 at 2.245s) BestSol = Solution: cost=[5641.0], size=[34], elements=[0, 1, 2, 3, 5, 6, 7, 8, 10, 13, 15, 17, 18, 20, 22, 23, 24, 26, 27, 32, 33, 34, 35, 36, 39, 40, 41, 42, 43, 44, 45, 46, 47, 48]
Real value = 5641.0 Cover = 50
(Gen. 10 at 2.919s) BestSol = Solution: cost=[5887.0], size=[34], elements=[0, 1, 2, 3, 4, 5, 6, 7, 8, 10, 11, 14, 15, 17, 18, 20, 22, 23, 24, 25, 26, 27, 33, 34, 35, 36, 37, 41, 42, 43, 45, 46, 47, 49]
Real value = 5887.0 Cover = 50
(Gen. 11 at 3.108s) BestSol = Solution: cost=[6700.0], size=[35], elements=[1, 2, 3, 4, 5, 6, 7, 8, 10, 14, 15, 17, 18, 19, 20, 21, 22, 23, 24, 25, 26, 27, 29, 33, 34, 35, 38, 39, 40, 41, 43, 46, 47, 48, 49]
Real value = 6700.0 Cover = 50
(Gen. 12 at 3.273s) BestSol = Solution: cost=[6723.0], size=[38], elements=[0, 1, 2, 3, 4, 5, 6, 7, 8, 10, 12, 14, 15, 17, 18, 20, 22, 23, 24, 26, 27, 28, 29, 30, 33, 34, 35, 36, 37, 39, 40, 41, 42, 43, 44, 46, 47, 48]
Real value = 6723.0 Cover = 50
(Gen. 13 at 3.433s) BestSol = Solution: cost=[7340.0], size=[36], elements=[1, 2, 3, 4, 5, 6, 7, 8, 10, 12, 14, 15, 17, 18, 20, 23, 24, 25, 26, 27, 28, 29, 33, 34, 35, 36, 37, 39, 40, 41, 42, 43, 44, 46, 47, 48]
Real value = 7340.0 Cover = 50
(Gen. 15 at 3.892s) BestSol = Solution: cost=[7344.0], size=[38], elements=[1, 2, 3, 4, 5, 6, 7, 8, 10, 12, 14, 15, 17, 18, 19, 20, 22, 23, 24, 25, 26, 27, 28, 29, 33, 34, 35, 36, 37, 39, 40, 41, 42, 43, 44, 46, 47, 48]
Real value = 7344.0 Cover = 50
(Gen. 22 at 5.358s) BestSol = Solution: cost=[7405.0], size=[36], elements=[1, 2, 3, 4, 5, 6, 7, 8, 10, 14, 15, 17, 18, 20, 22, 23, 24, 25, 26, 27, 29, 33, 34, 35, 36, 37, 38, 39, 40, 41, 42, 43, 44, 46, 47, 48]
Real value = 7405.0 Cover = 50
(Gen. 24 at 5.791s) BestSol = Solution: cost=[7634.0], size=[38], elements=[1, 2, 3, 4, 5, 6, 7, 8, 10, 11, 12, 14, 15, 17, 18, 20, 22, 23, 24, 25, 26, 27, 28, 29, 33, 34, 35, 36, 37, 39, 40, 41, 42, 43, 44, 46, 47, 48]
Real value = 7634.0 Cover = 50
(Gen. 25 at 5.951s) BestSol = Solution: cost=[7651.0], size=[35], elements=[1, 2, 3, 4, 5, 6, 7, 8, 10, 12, 14, 15, 17, 18, 20, 22, 23, 24, 25, 26, 27, 28, 33, 34, 35, 36, 39, 40, 41, 42, 43, 44, 46, 47, 48]
Real value = 7651.0 Cover = 50
(Gen. 33 at 7.293s) BestSol = Solution: cost=[7680.0], size=[38], elements=[1, 2, 3, 4, 5, 7, 8, 10, 11, 12, 14, 15, 17, 18, 20, 22, 23, 24, 25, 26, 27, 28, 29, 33, 34, 35, 36, 37, 39, 40, 41, 42, 43, 44, 45, 46, 47, 48]
Real value = 7680.0 Cover = 50
(Gen. 34 at 7.464s) BestSol = Solution: cost=[7730.0], size=[37], elements=[1, 2, 3, 4, 5, 7, 8, 10, 11, 12, 14, 15, 17, 18, 20, 22, 23, 24, 25, 26, 27, 28, 29, 33, 34, 35, 36, 37, 39, 40, 41, 42, 43, 44, 46, 47, 48]
Real value = 7730.0 Cover = 50
maxVal = Solution: cost=[7730.0], size=[37], elements=[1, 2, 3, 4, 5, 7, 8, 10, 11, 12, 14, 15, 17, 18, 20, 22, 23, 24, 25, 26, 27, 28, 29, 33, 34, 35, 36, 37, 39, 40, 41, 42, 43, 44, 46, 47, 48]
TotalTime = 30.111 seconds
