Instance: instancia_n400_padrao2
Parameters: {'enable_latin_hyper_cube': False, 'enable_mutate_or_crossover': True, 'enable_uniform_crossover': True, 'population_size': 100, 'mutation_rate': 0.05, 'time_limit': 30}

(Gen. 0) BestSol = Solution: cost=[13630.0], size=[193], elements=[0, 2, 5, 7, 9, 11, 14, 16, 20, 21, 23, 25, 26, 27, 28, 29, 31, 33, 34, 35, 36, 37, 38, 39, 41, 42, 43, 44, 46, 47, 51, 52, 56, 57, 58, 59, 61, 62, 64, 66, 70, 74, 78, 79, 80, 81, 82, 83, 84, 87, 88, 90, 95, 96, 97, 105, 111, 112, 113, 114, 117, 124, 131, 132, 134, 137, 140, 141, 142, 144, 145, 148, 149, 150, 152, 158, 159, 160, 161, 163, 164, 165, 168, 171, 173, 174, 179, 180, 181, 182, 183, 189, 193, 194, 197, 198, 199, 203, 207, 208, 209, 211, 213, 216, 218, 223, 224, 225, 228, 229, 231, 233, 234, 235, 236, 238, 240, 241, 242, 244, 249, 251, 253, 255, 256, 257, 259, 261, 263, 267, 268, 269, 272, 274, 276, 278, 280, 281, 282, 283, 284, 285, 286, 287, 288, 289, 291, 293, 296, 298, 302, 303, 304, 306, 309, 311, 312, 314, 317, 319, 322, 326, 327, 332, 333, 338, 339, 344, 345, 346, 347, 349, 350, 351, 354, 355, 359, 360, 362, 364, 365, 369, 373, 375, 380, 381, 382, 384, 385, 387, 389, 397, 398]
Real value = 13630.0 Cover = 400
(Gen. 0 at 14.634s) BestSol = Solution: cost=[19511.0], size=[198], elements=[0, 1, 2, 4, 7, 8, 10, 12, 13, 14, 17, 18, 23, 25, 27, 28, 29, 31, 33, 35, 36, 40, 41, 43, 44, 45, 48, 49, 52, 54, 58, 61, 62, 65, 66, 68, 69, 71, 72, 73, 74, 75, 76, 77, 78, 82, 84, 86, 87, 88, 90, 92, 94, 96, 97, 98, 100, 104, 106, 107, 110, 111, 113, 115, 116, 117, 118, 121, 122, 126, 127, 128, 129, 130, 131, 133, 135, 136, 137, 138, 141, 144, 148, 150, 152, 153, 154, 156, 157, 161, 163, 165, 169, 174, 176, 177, 180, 183, 185, 188, 192, 196, 207, 208, 212, 215, 216, 217, 218, 219, 220, 221, 222, 223, 226, 228, 229, 230, 231, 232, 234, 243, 244, 245, 247, 249, 250, 251, 253, 257, 259, 260, 261, 262, 264, 265, 266, 268, 269, 273, 278, 279, 290, 293, 294, 295, 296, 297, 298, 300, 301, 303, 306, 307, 308, 310, 311, 313, 314, 317, 318, 320, 321, 322, 323, 324, 325, 326, 332, 340, 344, 346, 348, 353, 355, 356, 358, 359, 361, 362, 363, 364, 368, 369, 370, 372, 376, 377, 382, 385, 386, 389, 391, 392, 393, 395, 396, 398]
Real value = 19511.0 Cover = 400
(Gen. 1 at 24.218s) BestSol = Solution: cost=[24223.0], size=[190], elements=[1, 3, 14, 15, 16, 17, 18, 20, 23, 24, 26, 27, 29, 34, 35, 36, 37, 39, 41, 43, 44, 45, 50, 53, 54, 56, 59, 60, 61, 62, 63, 66, 69, 71, 72, 73, 80, 81, 84, 85, 87, 92, 93, 95, 97, 99, 101, 102, 103, 106, 109, 110, 112, 113, 115, 116, 121, 127, 128, 129, 130, 132, 135, 137, 142, 143, 144, 146, 147, 148, 155, 157, 162, 163, 164, 167, 169, 170, 172, 173, 176, 179, 180, 182, 185, 186, 188, 191, 192, 193, 196, 198, 200, 201, 204, 205, 206, 207, 209, 213, 214, 215, 216, 218, 222, 223, 224, 225, 227, 230, 232, 233, 234, 236, 241, 242, 245, 250, 251, 255, 258, 260, 261, 262, 265, 266, 268, 270, 271, 272, 275, 278, 279, 282, 284, 287, 288, 291, 292, 296, 298, 301, 302, 304, 305, 306, 307, 308, 309, 320, 321, 324, 326, 327, 328, 329, 332, 336, 339, 340, 342, 343, 345, 347, 349, 352, 353, 358, 359, 361, 363, 365, 366, 367, 371, 372, 374, 379, 380, 382, 387, 389, 390, 392, 393, 394, 395, 397, 398, 399]
Real value = 24223.0 Cover = 400
(Gen. 2 at 34.589s) BestSol = Solution: cost=[25339.0], size=[199], elements=[0, 1, 3, 4, 14, 17, 18, 23, 25, 26, 27, 29, 34, 35, 36, 37, 40, 41, 43, 44, 45, 49, 50, 53, 54, 56, 59, 60, 61, 62, 63, 66, 68, 69, 71, 72, 73, 75, 77, 84, 85, 86, 87, 92, 93, 94, 95, 96, 97, 98, 101, 102, 103, 104, 106, 110, 113, 115, 116, 117, 118, 121, 122, 126, 127, 128, 129, 130, 131, 133, 135, 137, 138, 141, 142, 144, 147, 148, 152, 157, 162, 163, 165, 167, 169, 172, 174, 176, 180, 182, 185, 186, 188, 192, 196, 198, 201, 206, 207, 209, 212, 213, 214, 215, 216, 217, 218, 219, 220, 222, 223, 224, 227, 229, 230, 231, 232, 233, 234, 242, 245, 247, 250, 251, 257, 258, 259, 260, 261, 262, 265, 266, 268, 269, 270, 272, 275, 278, 279, 282, 288, 290, 293, 295, 296, 298, 301, 304, 305, 306, 307, 308, 309, 310, 311, 313, 314, 317, 320, 321, 323, 324, 325, 326, 329, 332, 339, 340, 342, 346, 348, 349, 353, 355, 356, 358, 359, 361, 363, 364, 365, 366, 368, 370, 371, 372, 374, 376, 377, 382, 385, 386, 387, 389, 390, 392, 393, 395, 398]
Real value = 25339.0 Cover = 400
maxVal = Solution: cost=[25339.0], size=[199], elements=[0, 1, 3, 4, 14, 17, 18, 23, 25, 26, 27, 29, 34, 35, 36, 37, 40, 41, 43, 44, 45, 49, 50, 53, 54, 56, 59, 60, 61, 62, 63, 66, 68, 69, 71, 72, 73, 75, 77, 84, 85, 86, 87, 92, 93, 94, 95, 96, 97, 98, 101, 102, 103, 104, 106, 110, 113, 115, 116, 117, 118, 121, 122, 126, 127, 128, 129, 130, 131, 133, 135, 137, 138, 141, 142, 144, 147, 148, 152, 157, 162, 163, 165, 167, 169, 172, 174, 176, 180, 182, 185, 186, 188, 192, 196, 198, 201, 206, 207, 209, 212, 213, 214, 215, 216, 217, 218, 219, 220, 222, 223, 224, 227, 229, 230, 231, 232, 233, 234, 242, 245, 247, 250, 251, 257, 258, 259, 260, 261, 262, 265, 266, 268, 269, 270, 272, 275, 278, 279, 282, 288, 290, 293, 295, 296, 298, 301, 304, 305, 306, 307, 308, 309, 310, 311, 313, 314, 317, 320, 321, 323, 324, 325, 326, 329, 332, 339, 340, 342, 346, 348, 349, 353, 355, 356, 358, 359, 361, 363, 364, 365, 366, 368, 370, 371, 372, 374, 376, 377, 382, 385, 386, 387, 389, 390, 392, 393, 395, 398]
TotalTime = 34.739 seconds
