Instance: instancia_n100_padrao1
Parameters: {'enable_latin_hyper_cube': False, 'enable_mutate_or_crossover': True, 'enable_uniform_crossover': True, 'population_size': 100, 'mutation_rate': 0.05, 'time_limit': 30}

(Gen. 0) BestSol = Solution: cost=[8013.0], size=[56], elements=[1, 2, 5, 6, 7, 8, 12, 13, 14, 15, 17, 18, 19, 21, 22, 23, 25, 26, 27, 28, 29, 30, 31, 32, 34, 36, 37, 38, 39, 42, 44, 46, 49, 57, 58, 60, 61, 62, 63, 66, 70, 71, 72, 73, 74, 76, 77, 78, 81, 83, 84, 86, 88, 92, 94, 95]
Real value = 8013.0 Cover = 100
(Gen. 2 at 2.894s) BestSol = Solution: cost=[8203.0], size=[59], elements=[1, 3, 4, 5, 6, 8, 9, 10, 11, 12, 14, 15, 16, 20, 21, 23, 24, 25, 26, 29, 30, 32, 34, 35, 36, 37, 38, 41, 42, 43, 44, 46, 47, 49, 50, 51, 54, 56, 60, 61, 62, 63, 66, 67, 70, 71, 72, 73, 78, 79, 82, 85, 86, 88, 89, 91, 92, 93, 98]
Real value = 8203.0 Cover = 100
(Gen. 3 at 3.641s) BestSol = Solution: cost=[8760.0], size=[58], elements=[1, 3, 4, 5, 6, 8, 10, 11, 13, 14, 15, 16, 20, 21, 23, 25, 26, 27, 28, 29, 30, 32, 33, 34, 37, 38, 42, 44, 46, 48, 50, 54, 56, 58, 60, 61, 63, 65, 66, 67, 70, 71, 72, 74, 76, 77, 78, 81, 83, 84, 85, 88, 89, 92, 94, 95, 97, 98]
Real value = 8760.0 Cover = 100
(Gen. 4 at 4.409s) BestSol = Solution: cost=[10286.0], size=[57], elements=[0, 1, 3, 6, 8, 13, 14, 15, 16, 18, 20, 21, 23, 25, 26, 27, 28, 29, 30, 32, 34, 36, 37, 38, 39, 42, 44, 46, 49, 57, 58, 59, 60, 61, 62, 63, 69, 70, 71, 72, 73, 74, 76, 77, 78, 79, 82, 83, 84, 86, 88, 89, 92, 93, 95, 98, 99]
Real value = 10286.0 Cover = 100
(Gen. 11 at 10.083s) BestSol = Solution: cost=[10756.0], size=[66], elements=[0, 1, 3, 6, 8, 12, 13, 14, 15, 16, 17, 18, 21, 22, 23, 25, 27, 28, 29, 30, 32, 33, 34, 36, 37, 38, 41, 42, 43, 44, 46, 47, 48, 49, 51, 57, 59, 60, 61, 62, 63, 66, 69, 70, 71, 72, 73, 74, 76, 77, 78, 79, 81, 82, 83, 84, 85, 86, 87, 88, 89, 92, 93, 94, 98, 99]
Real value = 10756.0 Cover = 100
(Gen. 13 at 11.448s) BestSol = Solution: cost=[12211.0], size=[72], elements=[0, 1, 3, 5, 6, 7, 8, 9, 13, 14, 15, 16, 17, 18, 20, 22, 23, 25, 27, 28, 29, 30, 32, 33, 34, 35, 36, 37, 38, 40, 42, 44, 45, 46, 47, 48, 49, 50, 54, 55, 57, 58, 59, 60, 61, 62, 63, 66, 68, 70, 71, 72, 73, 74, 77, 78, 79, 81, 82, 83, 84, 85, 86, 88, 89, 90, 91, 92, 94, 97, 98, 99]
Real value = 12211.0 Cover = 100
(Gen. 14 at 12.216s) BestSol = Solution: cost=[12437.0], size=[68], elements=[1, 3, 4, 5, 6, 8, 9, 10, 11, 12, 14, 15, 16, 17, 18, 20, 21, 22, 23, 25, 27, 29, 32, 34, 35, 36, 37, 38, 40, 41, 42, 44, 47, 48, 49, 50, 51, 54, 56, 57, 59, 60, 61, 62, 63, 64, 65, 68, 70, 71, 72, 73, 76, 77, 78, 79, 82, 83, 84, 86, 88, 89, 90, 91, 92, 93, 94, 99]
Real value = 12437.0 Cover = 100
(Gen. 16 at 13.617s) BestSol = Solution: cost=[13866.0], size=[65], elements=[0, 1, 3, 4, 5, 6, 8, 9, 12, 13, 14, 16, 17, 21, 22, 23, 24, 25, 26, 27, 30, 32, 33, 34, 36, 37, 38, 40, 41, 42, 44, 48, 49, 50, 51, 56, 57, 59, 60, 61, 62, 64, 65, 66, 69, 70, 71, 72, 73, 74, 77, 78, 79, 82, 83, 84, 86, 87, 88, 89, 92, 93, 94, 95, 99]
Real value = 13866.0 Cover = 100
(Gen. 18 at 15.094s) BestSol = Solution: cost=[13955.0], size=[69], elements=[0, 1, 3, 4, 6, 8, 9, 12, 13, 15, 16, 17, 18, 20, 21, 23, 25, 26, 27, 28, 29, 30, 32, 33, 34, 35, 36, 37, 38, 40, 42, 44, 46, 47, 48, 49, 50, 56, 57, 58, 59, 60, 61, 62, 63, 65, 66, 70, 71, 72, 73, 74, 76, 77, 78, 79, 82, 83, 84, 85, 86, 88, 89, 92, 93, 95, 97, 98, 99]
Real value = 13955.0 Cover = 100
(Gen. 19 at 15.701s) BestSol = Solution: cost=[15939.0], size=[66], elements=[0, 1, 3, 4, 5, 6, 8, 9, 12, 13, 14, 15, 16, 17, 20, 21, 22, 23, 24, 25, 26, 27, 30, 32, 33, 34, 35, 36, 37, 38, 40, 41, 42, 44, 49, 50, 51, 55, 56, 57, 58, 59, 60, 61, 62, 64, 66, 69, 70, 71, 72, 74, 77, 78, 79, 82, 83, 84, 86, 88, 89, 92, 93, 94, 97, 99]
Real value = 15939.0 Cover = 100
(Gen. 24 at 19.417s) BestSol = Solution: cost=[16110.0], size=[67], elements=[0, 3, 4, 5, 6, 7, 8, 9, 10, 11, 12, 13, 15, 16, 20, 21, 22, 23, 25, 27, 29, 30, 32, 33, 34, 36, 37, 38, 40, 41, 42, 44, 46, 48, 49, 50, 57, 58, 59, 60, 61, 62, 66, 69, 70, 71, 72, 73, 74, 76, 77, 78, 79, 82, 83, 84, 85, 86, 87, 88, 89, 90, 91, 92, 93, 94, 99]
Real value = 16110.0 Cover = 100
(Gen. 26 at 20.666s) BestSol = Solution: cost=[17177.0], size=[69], elements=[0, 1, 3, 4, 5, 6, 8, 9, 12, 13, 15, 16, 17, 20, 21, 22, 23, 24, 25, 26, 27, 30, 32, 33, 34, 35, 36, 37, 38, 40, 41, 42, 44, 46, 49, 50, 51, 57, 58, 59, 60, 61, 62, 63, 64, 66, 69, 70, 71, 72, 73, 74, 77, 78, 79, 82, 83, 84, 85, 86, 88, 89, 91, 92, 93, 94, 97, 98, 99]
Real value = 17177.0 Cover = 100
(Gen. 32 at 24.473s) BestSol = Solution: cost=[17180.0], size=[73], elements=[0, 1, 3, 4, 5, 6, 7, 8, 9, 10, 12, 13, 15, 16, 17, 19, 20, 21, 22, 23, 25, 26, 27, 29, 32, 33, 34, 35, 36, 37, 38, 40, 41, 42, 44, 46, 49, 50, 51, 57, 58, 59, 60, 61, 62, 63, 64, 66, 69, 70, 71, 72, 73, 74, 75, 77, 78, 79, 82, 83, 84, 85, 86, 88, 89, 90, 91, 92, 93, 94, 97, 98, 99]
Real value = 17180.0 Cover = 100
(Gen. 33 at 25.125s) BestSol = Solution: cost=[17392.0], size=[68], elements=[0, 3, 4, 5, 6, 8, 9, 10, 12, 13, 15, 16, 17, 20, 21, 22, 23, 25, 26, 27, 30, 32, 33, 34, 35, 36, 37, 38, 40, 41, 42, 44, 49, 50, 51, 56, 57, 58, 59, 60, 61, 62, 64, 66, 69, 70, 71, 72, 73, 74, 75, 76, 77, 78, 79, 82, 83, 84, 85, 86, 88, 89, 91, 92, 93, 94, 97, 98]
Real value = 17392.0 Cover = 100
(Gen. 34 at 25.65s) BestSol = Solution: cost=[17949.0], size=[74], elements=[0, 1, 3, 4, 5, 6, 7, 8, 9, 10, 11, 12, 13, 15, 16, 17, 20, 21, 22, 23, 24, 25, 26, 27, 30, 32, 33, 34, 35, 36, 37, 38, 40, 41, 42, 44, 48, 49, 50, 51, 57, 58, 59, 60, 61, 62, 64, 66, 69, 70, 71, 72, 73, 74, 75, 76, 77, 78, 79, 82, 83, 84, 85, 86, 88, 89, 91, 92, 93, 94, 95, 97, 98, 99]
Real value = 17949.0 Cover = 100
(Gen. 38 at 27.971s) BestSol = Solution: cost=[18435.0], size=[73], elements=[0, 1, 3, 4, 5, 6, 8, 9, 10, 12, 13, 15, 16, 17, 20, 21, 22, 23, 24, 25, 26, 27, 28, 30, 32, 33, 34, 35, 36, 37, 38, 40, 41, 42, 44, 46, 49, 50, 51, 55, 56, 57, 58, 59, 60, 61, 62, 64, 66, 69, 70, 71, 72, 73, 74, 75, 76, 77, 78, 79, 82, 83, 84, 85, 86, 88, 89, 91, 92, 93, 94, 97, 99]
Real value = 18435.0 Cover = 100
(Gen. 40 at 29.008s) BestSol = Solution: cost=[18915.0], size=[75], elements=[0, 1, 3, 4, 5, 6, 7, 8, 9, 10, 11, 12, 13, 15, 16, 17, 20, 21, 22, 23, 25, 26, 27, 28, 30, 32, 33, 34, 35, 36, 37, 38, 40, 41, 42, 44, 49, 50, 51, 55, 56, 57, 58, 59, 60, 61, 62, 63, 64, 66, 69, 70, 71, 72, 74, 75, 76, 77, 78, 79, 82, 83, 84, 85, 86, 88, 89, 90, 91, 92, 93, 94, 97, 98, 99]
Real value = 18915.0 Cover = 100
(Gen. 41 at 29.547s) BestSol = Solution: cost=[19230.0], size=[74], elements=[0, 1, 3, 4, 5, 6, 7, 8, 9, 10, 12, 13, 15, 16, 17, 20, 21, 22, 23, 24, 25, 26, 27, 30, 32, 33, 34, 35, 36, 37, 38, 40, 41, 42, 44, 49, 50, 51, 55, 56, 57, 58, 59, 60, 61, 62, 64, 66, 69, 70, 71, 72, 73, 74, 75, 76, 77, 78, 79, 82, 83, 84, 85, 86, 87, 88, 89, 91, 92, 93, 94, 97, 98, 99]
Real value = 19230.0 Cover = 100
maxVal = Solution: cost=[19230.0], size=[74], elements=[0, 1, 3, 4, 5, 6, 7, 8, 9, 10, 12, 13, 15, 16, 17, 20, 21, 22, 23, 24, 25, 26, 27, 30, 32, 33, 34, 35, 36, 37, 38, 40, 41, 42, 44, 49, 50, 51, 55, 56, 57, 58, 59, 60, 61, 62, 64, 66, 69, 70, 71, 72, 73, 74, 75, 76, 77, 78, 79, 82, 83, 84, 85, 86, 87, 88, 89, 91, 92, 93, 94, 97, 98, 99]
TotalTime = 30.036 seconds
