Instance: instancia_n200_padrao2
Parameters: {'enable_latin_hyper_cube': False, 'enable_mutate_or_crossover': True, 'enable_uniform_crossover': True, 'population_size': 100, 'mutation_rate': 0.05, 'time_limit': 30}

(Gen. 0) BestSol = Solution: cost=[11790.0], size=[104], elements=[0, 3, 7, 8, 9, 10, 11, 12, 13, 14, 19, 21, 23, 24, 27, 28, 34, 35, 36, 37, 38, 40, 41, 42, 43, 44, 46, 50, 51, 52, 54, 57, 60, 61, 65, 67, 69, 71, 75, 77, 78, 79, 80, 81, 82, 83, 85, 87, 89, 91, 92, 93, 94, 96, 97, 99, 100, 102, 103, 107, 108, 113, 115, 117, 118, 120, 121, 124, 125, 130, 133, 135, 139, 141, 142, 143, 144, 145, 147, 152, 155, 157, 159, 161, 164, 168, 169, 170, 171, 172, 173, 176, 181, 184, 186, 187, 190, 192, 194, 195, 196, 197, 198, 199]
Real value = 11790.0 Cover = 200
(Gen. 2 at 10.157s) BestSol = Solution: cost=[14827.0], size=[111], elements=[0, 2, 4, 7, 8, 9, 13, 15, 17, 18, 19, 22, 24, 25, 27, 31, 32, 33, 34, 35, 36, 40, 41, 42, 44, 49, 50, 57, 61, 62, 63, 65, 66, 69, 71, 72, 73, 74, 75, 76, 77, 78, 81, 82, 85, 87, 88, 90, 93, 95, 97, 99, 103, 104, 107, 109, 110, 113, 116, 117, 118, 122, 124, 125, 126, 127, 128, 129, 130, 131, 132, 133, 135, 136, 137, 138, 139, 140, 141, 142, 143, 144, 145, 146, 147, 150, 151, 154, 157, 158, 160, 161, 163, 165, 166, 169, 173, 175, 176, 177, 178, 180, 182, 183, 184, 185, 186, 188, 192, 195, 198]
Real value = 14827.0 Cover = 200
(Gen. 6 at 21.535s) BestSol = Solution: cost=[15820.0], size=[96], elements=[0, 1, 4, 6, 7, 8, 9, 10, 11, 13, 15, 17, 18, 23, 25, 27, 31, 32, 33, 34, 35, 36, 38, 40, 42, 49, 50, 60, 63, 65, 67, 71, 73, 74, 75, 76, 77, 78, 79, 81, 84, 87, 91, 92, 93, 97, 98, 99, 104, 110, 113, 116, 117, 118, 120, 121, 123, 126, 127, 128, 131, 132, 133, 134, 137, 138, 139, 140, 142, 144, 145, 146, 147, 149, 150, 154, 155, 157, 160, 164, 166, 169, 170, 171, 173, 176, 178, 182, 185, 186, 188, 191, 194, 195, 196, 198]
Real value = 15820.0 Cover = 200
(Gen. 8 at 26.842s) BestSol = Solution: cost=[18055.0], size=[103], elements=[0, 2, 3, 4, 7, 8, 9, 10, 11, 13, 16, 18, 19, 20, 21, 25, 27, 28, 30, 32, 33, 34, 38, 39, 40, 42, 43, 44, 51, 55, 56, 57, 60, 61, 62, 66, 67, 69, 70, 72, 73, 74, 76, 77, 78, 80, 81, 84, 87, 89, 90, 92, 93, 94, 95, 97, 103, 104, 107, 112, 113, 116, 117, 118, 120, 125, 129, 130, 131, 132, 134, 138, 140, 142, 143, 146, 147, 152, 153, 155, 156, 157, 158, 161, 164, 165, 167, 170, 171, 172, 174, 176, 177, 178, 182, 183, 184, 185, 187, 190, 191, 194, 196]
Real value = 18055.0 Cover = 200
(Gen. 9 at 29.654s) BestSol = Solution: cost=[19928.0], size=[109], elements=[0, 1, 6, 7, 8, 9, 13, 18, 21, 22, 24, 25, 28, 30, 32, 33, 35, 36, 37, 38, 39, 40, 41, 42, 43, 47, 48, 49, 50, 51, 54, 56, 57, 59, 61, 62, 65, 66, 67, 72, 73, 74, 75, 76, 77, 78, 80, 81, 82, 83, 87, 92, 93, 95, 99, 103, 106, 107, 109, 112, 113, 116, 118, 121, 122, 126, 129, 130, 131, 132, 133, 137, 138, 139, 140, 142, 143, 144, 145, 146, 147, 148, 151, 156, 157, 158, 160, 161, 163, 167, 168, 169, 170, 172, 174, 176, 178, 181, 182, 183, 184, 185, 186, 187, 190, 191, 193, 195, 196]
Real value = 19928.0 Cover = 200
(Gen. 10 at 32.189s) BestSol = Solution: cost=[21424.0], size=[115], elements=[0, 1, 2, 4, 7, 8, 9, 10, 13, 14, 16, 17, 22, 24, 26, 27, 28, 32, 33, 35, 37, 38, 40, 41, 42, 44, 49, 51, 52, 54, 55, 56, 57, 61, 62, 63, 66, 67, 69, 72, 76, 77, 78, 81, 82, 83, 84, 85, 86, 87, 89, 92, 93, 94, 95, 97, 98, 99, 103, 104, 106, 109, 113, 115, 116, 117, 118, 120, 125, 127, 128, 129, 131, 133, 134, 136, 138, 139, 140, 142, 144, 146, 147, 148, 151, 152, 153, 154, 157, 158, 160, 161, 163, 165, 167, 169, 170, 171, 173, 174, 175, 177, 178, 181, 182, 183, 184, 185, 186, 188, 190, 194, 196, 198, 199]
Real value = 21424.0 Cover = 200
maxVal = Solution: cost=[21424.0], size=[115], elements=[0, 1, 2, 4, 7, 8, 9, 10, 13, 14, 16, 17, 22, 24, 26, 27, 28, 32, 33, 35, 37, 38, 40, 41, 42, 44, 49, 51, 52, 54, 55, 56, 57, 61, 62, 63, 66, 67, 69, 72, 76, 77, 78, 81, 82, 83, 84, 85, 86, 87, 89, 92, 93, 94, 95, 97, 98, 99, 103, 104, 106, 109, 113, 115, 116, 117, 118, 120, 125, 127, 128, 129, 131, 133, 134, 136, 138, 139, 140, 142, 144, 146, 147, 148, 151, 152, 153, 154, 157, 158, 160, 161, 163, 165, 167, 169, 170, 171, 173, 174, 175, 177, 178, 181, 182, 183, 184, 185, 186, 188, 190, 194, 196, 198, 199]
TotalTime = 32.234 seconds
