Instance: instancia_n200_padrao1
Parameters: {'enable_latin_hyper_cube': False, 'enable_mutate_or_crossover': True, 'enable_uniform_crossover': True, 'population_size': 100, 'mutation_rate': 0.05, 'time_limit': 30}

(Gen. 0) BestSol = Solution: cost=[11640.0], size=[104], elements=[0, 1, 2, 4, 5, 7, 8, 9, 10, 14, 16, 18, 19, 20, 21, 22, 25, 27, 28, 32, 33, 35, 37, 38, 39, 40, 41, 44, 46, 47, 50, 52, 53, 55, 56, 59, 64, 65, 66, 67, 69, 72, 74, 75, 76, 77, 79, 80, 82, 83, 87, 89, 91, 93, 97, 99, 100, 104, 107, 109, 112, 113, 118, 119, 120, 121, 122, 127, 128, 129, 131, 132, 133, 136, 140, 141, 142, 143, 144, 147, 148, 149, 150, 151, 153, 154, 155, 156, 158, 163, 164, 167, 175, 176, 181, 182, 183, 184, 185, 186, 188, 190, 192, 195]
Real value = 11640.0 Cover = 200
(Gen. 0 at 3.793s) BestSol = Solution: cost=[13198.0], size=[114], elements=[0, 2, 5, 7, 8, 9, 10, 11, 15, 16, 18, 20, 21, 22, 25, 26, 27, 28, 29, 30, 32, 33, 35, 36, 37, 38, 39, 41, 44, 46, 47, 50, 51, 55, 56, 59, 63, 65, 66, 67, 68, 69, 72, 73, 74, 75, 77, 79, 82, 87, 89, 91, 92, 93, 97, 98, 100, 101, 102, 103, 104, 107, 112, 113, 114, 117, 118, 119, 120, 121, 122, 124, 125, 127, 128, 129, 130, 132, 133, 134, 135, 140, 143, 146, 147, 148, 149, 151, 154, 158, 159, 162, 163, 164, 167, 168, 171, 172, 173, 174, 175, 176, 177, 178, 181, 182, 183, 185, 186, 187, 194, 195, 196, 199]
Real value = 13198.0 Cover = 200
(Gen. 2 at 7.96s) BestSol = Solution: cost=[13290.0], size=[108], elements=[0, 2, 3, 5, 6, 7, 8, 10, 11, 16, 17, 20, 21, 22, 25, 27, 29, 30, 31, 32, 33, 35, 36, 37, 38, 40, 41, 43, 44, 46, 47, 49, 51, 53, 55, 56, 57, 59, 65, 66, 73, 74, 75, 77, 78, 82, 84, 87, 89, 91, 92, 93, 97, 100, 102, 103, 104, 107, 108, 112, 113, 114, 115, 116, 118, 120, 121, 122, 124, 126, 127, 128, 129, 130, 132, 133, 134, 138, 140, 143, 146, 147, 154, 159, 161, 162, 163, 167, 169, 170, 172, 174, 175, 176, 178, 181, 182, 183, 185, 186, 187, 188, 189, 194, 195, 196, 198, 199]
Real value = 13290.0 Cover = 200
(Gen. 3 at 9.901s) BestSol = Solution: cost=[13490.0], size=[112], elements=[0, 2, 4, 5, 7, 9, 10, 11, 12, 13, 14, 15, 16, 17, 18, 19, 20, 21, 22, 23, 26, 27, 29, 33, 34, 36, 38, 39, 40, 41, 42, 43, 44, 45, 46, 51, 52, 54, 56, 57, 60, 61, 62, 63, 65, 66, 67, 68, 70, 71, 72, 74, 75, 77, 82, 83, 85, 86, 87, 94, 98, 99, 100, 102, 103, 104, 105, 106, 107, 108, 110, 113, 114, 117, 119, 121, 127, 131, 132, 135, 136, 137, 138, 139, 140, 141, 142, 147, 148, 149, 152, 156, 160, 161, 162, 163, 167, 169, 171, 172, 175, 176, 178, 182, 185, 186, 189, 190, 191, 195, 196, 199]
Real value = 13490.0 Cover = 200
(Gen. 4 at 12.042s) BestSol = Solution: cost=[17578.0], size=[113], elements=[0, 2, 4, 5, 6, 7, 8, 9, 11, 14, 15, 16, 18, 20, 21, 22, 23, 24, 25, 26, 27, 29, 30, 32, 33, 35, 36, 37, 39, 44, 46, 49, 50, 51, 52, 54, 55, 65, 66, 67, 69, 70, 72, 73, 75, 77, 81, 82, 83, 84, 86, 87, 90, 93, 94, 97, 98, 100, 102, 103, 104, 107, 109, 110, 112, 113, 119, 120, 121, 122, 125, 128, 129, 131, 132, 134, 135, 137, 140, 143, 144, 146, 147, 148, 149, 153, 154, 156, 158, 159, 160, 162, 163, 165, 167, 168, 169, 171, 172, 173, 174, 175, 176, 177, 178, 181, 182, 185, 186, 190, 195, 196, 199]
Real value = 17578.0 Cover = 200
(Gen. 8 at 21.839s) BestSol = Solution: cost=[18669.0], size=[110], elements=[5, 6, 8, 9, 10, 11, 12, 13, 14, 15, 16, 17, 18, 20, 21, 22, 25, 27, 29, 31, 34, 36, 37, 38, 39, 41, 42, 44, 46, 47, 50, 51, 52, 54, 55, 65, 66, 69, 70, 73, 75, 77, 82, 83, 84, 86, 88, 91, 92, 93, 94, 98, 100, 102, 103, 104, 106, 107, 108, 110, 111, 113, 119, 121, 122, 124, 125, 128, 129, 132, 133, 134, 135, 137, 139, 147, 148, 149, 151, 152, 154, 156, 158, 159, 160, 162, 163, 167, 168, 169, 171, 172, 174, 175, 176, 177, 178, 181, 182, 185, 186, 188, 189, 190, 192, 193, 194, 195, 196, 199]
Real value = 18669.0 Cover = 200
(Gen. 9 at 24.162s) BestSol = Solution: cost=[19872.0], size=[111], elements=[0, 2, 4, 5, 6, 8, 10, 11, 12, 14, 15, 16, 17, 18, 19, 20, 21, 22, 25, 29, 30, 34, 36, 37, 38, 41, 42, 44, 46, 47, 50, 51, 52, 54, 55, 59, 65, 66, 69, 70, 73, 75, 77, 82, 83, 84, 86, 88, 91, 92, 93, 94, 97, 98, 100, 102, 103, 104, 106, 107, 108, 110, 111, 113, 114, 119, 120, 121, 122, 124, 125, 128, 129, 132, 134, 135, 137, 139, 146, 147, 148, 151, 152, 154, 158, 159, 160, 162, 163, 165, 167, 168, 169, 171, 172, 173, 174, 175, 176, 177, 178, 181, 182, 186, 189, 190, 192, 194, 195, 196, 198]
Real value = 19872.0 Cover = 200
(Gen. 10 at 26.481s) BestSol = Solution: cost=[22592.0], size=[116], elements=[0, 4, 5, 6, 8, 9, 10, 12, 14, 15, 16, 17, 18, 19, 20, 21, 22, 25, 29, 32, 35, 36, 37, 38, 42, 43, 44, 46, 47, 48, 50, 51, 54, 55, 59, 61, 64, 65, 66, 69, 70, 73, 75, 77, 82, 83, 84, 86, 87, 88, 91, 92, 93, 94, 97, 100, 102, 103, 104, 106, 107, 108, 109, 110, 111, 113, 114, 116, 119, 120, 121, 122, 125, 128, 129, 132, 134, 135, 137, 139, 142, 143, 146, 147, 148, 149, 151, 153, 154, 158, 159, 162, 163, 167, 168, 169, 171, 172, 173, 174, 175, 176, 177, 178, 181, 182, 186, 188, 189, 190, 192, 194, 195, 196, 198, 199]
Real value = 22592.0 Cover = 200
(Gen. 11 at 29.009s) BestSol = Solution: cost=[23004.0], size=[119], elements=[1, 2, 4, 5, 7, 8, 9, 10, 12, 16, 17, 18, 19, 20, 21, 22, 23, 24, 25, 26, 27, 29, 35, 36, 39, 41, 42, 43, 44, 46, 47, 48, 49, 50, 51, 52, 54, 56, 58, 60, 62, 65, 67, 68, 69, 70, 71, 73, 74, 75, 77, 79, 80, 82, 83, 85, 86, 87, 88, 92, 93, 97, 100, 102, 103, 104, 106, 107, 108, 109, 112, 113, 114, 115, 117, 118, 119, 120, 121, 124, 125, 126, 132, 134, 135, 136, 137, 138, 143, 146, 147, 148, 149, 151, 156, 158, 159, 161, 162, 163, 168, 169, 171, 172, 173, 175, 176, 177, 178, 181, 182, 185, 186, 189, 190, 193, 194, 195, 196]
Real value = 23004.0 Cover = 200
maxVal = Solution: cost=[23004.0], size=[119], elements=[1, 2, 4, 5, 7, 8, 9, 10, 12, 16, 17, 18, 19, 20, 21, 22, 23, 24, 25, 26, 27, 29, 35, 36, 39, 41, 42, 43, 44, 46, 47, 48, 49, 50, 51, 52, 54, 56, 58, 60, 62, 65, 67, 68, 69, 70, 71, 73, 74, 75, 77, 79, 80, 82, 83, 85, 86, 87, 88, 92, 93, 97, 100, 102, 103, 104, 106, 107, 108, 109, 112, 113, 114, 115, 117, 118, 119, 120, 121, 124, 125, 126, 132, 134, 135, 136, 137, 138, 143, 146, 147, 148, 149, 151, 156, 158, 159, 161, 162, 163, 168, 169, 171, 172, 173, 175, 176, 177, 178, 181, 182, 185, 186, 189, 190, 193, 194, 195, 196]
TotalTime = 31.687 seconds
