Instance: instancia_n400_padrao3
Parameters: {'enable_latin_hyper_cube': False, 'enable_mutate_or_crossover': True, 'enable_uniform_crossover': True, 'population_size': 100, 'mutation_rate': 0.05, 'time_limit': 30}

(Gen. 0) BestSol = Solution: cost=[17696.0], size=[199], elements=[2, 13, 14, 17, 18, 22, 23, 29, 30, 31, 32, 33, 37, 38, 39, 40, 41, 46, 51, 52, 54, 55, 59, 60, 63, 65, 66, 70, 71, 73, 74, 75, 77, 79, 81, 82, 84, 86, 88, 89, 91, 94, 95, 98, 101, 102, 104, 108, 110, 115, 116, 117, 118, 119, 122, 123, 125, 127, 130, 131, 132, 135, 136, 137, 139, 143, 147, 149, 150, 151, 152, 153, 154, 155, 157, 158, 159, 160, 161, 162, 164, 166, 167, 168, 171, 173, 176, 177, 178, 179, 180, 181, 184, 186, 187, 192, 194, 195, 196, 198, 199, 200, 201, 204, 205, 206, 208, 213, 217, 218, 222, 224, 226, 227, 229, 230, 232, 236, 237, 238, 241, 242, 243, 246, 247, 248, 249, 250, 251, 253, 255, 257, 260, 261, 262, 263, 264, 265, 268, 270, 272, 275, 276, 279, 281, 282, 285, 286, 287, 288, 289, 292, 296, 299, 302, 304, 305, 306, 313, 315, 319, 320, 322, 323, 324, 326, 327, 332, 333, 335, 336, 337, 338, 341, 343, 348, 349, 351, 354, 358, 359, 360, 361, 362, 363, 366, 369, 370, 374, 375, 376, 377, 378, 380, 381, 384, 392, 393, 399]
Real value = 17696.0 Cover = 400
(Gen. 0 at 14.808s) BestSol = Solution: cost=[18831.0], size=[196], elements=[0, 2, 3, 4, 5, 7, 8, 9, 11, 13, 15, 16, 17, 18, 19, 21, 22, 24, 25, 26, 29, 34, 35, 36, 38, 40, 43, 46, 48, 49, 50, 54, 56, 57, 58, 60, 61, 62, 63, 64, 65, 66, 67, 70, 78, 79, 81, 82, 85, 86, 87, 94, 98, 99, 100, 104, 106, 109, 110, 116, 117, 119, 120, 121, 122, 128, 129, 130, 131, 136, 137, 140, 142, 143, 146, 148, 151, 152, 153, 154, 156, 157, 158, 160, 161, 163, 164, 170, 171, 172, 174, 175, 177, 178, 182, 183, 187, 188, 193, 194, 195, 200, 203, 204, 207, 208, 209, 211, 212, 213, 214, 216, 217, 220, 222, 223, 224, 225, 226, 227, 231, 232, 234, 236, 237, 238, 239, 240, 242, 243, 244, 254, 256, 257, 258, 265, 269, 270, 272, 273, 276, 280, 281, 283, 285, 288, 295, 300, 301, 302, 306, 307, 309, 312, 319, 322, 325, 329, 330, 332, 336, 337, 341, 342, 343, 345, 346, 349, 350, 352, 353, 354, 355, 357, 359, 362, 363, 367, 368, 370, 372, 374, 376, 377, 380, 384, 386, 387, 388, 390, 392, 393, 394, 395, 396, 399]
Real value = 18831.0 Cover = 400
(Gen. 1 at 24.266s) BestSol = Solution: cost=[22444.0], size=[202], elements=[0, 2, 3, 5, 6, 7, 9, 11, 17, 18, 21, 27, 30, 34, 35, 36, 37, 39, 41, 42, 43, 44, 45, 47, 51, 53, 54, 56, 58, 59, 60, 61, 62, 65, 66, 67, 69, 70, 72, 77, 83, 85, 87, 94, 95, 97, 105, 106, 107, 108, 109, 111, 112, 113, 116, 117, 118, 121, 124, 127, 128, 129, 130, 131, 133, 134, 135, 138, 140, 141, 144, 145, 146, 148, 149, 150, 152, 155, 159, 160, 163, 167, 173, 174, 181, 182, 183, 187, 189, 193, 197, 198, 199, 205, 207, 208, 209, 210, 211, 216, 217, 220, 222, 224, 226, 227, 229, 231, 233, 234, 235, 236, 237, 238, 241, 242, 244, 246, 247, 252, 255, 257, 259, 261, 267, 268, 269, 270, 271, 274, 276, 277, 278, 279, 280, 281, 282, 283, 284, 285, 286, 287, 289, 291, 292, 296, 297, 298, 299, 301, 302, 305, 306, 307, 309, 310, 316, 317, 318, 320, 321, 325, 326, 327, 332, 333, 334, 337, 339, 340, 341, 342, 344, 345, 346, 347, 349, 350, 352, 353, 358, 361, 364, 365, 366, 367, 369, 370, 375, 376, 378, 380, 381, 383, 384, 385, 387, 388, 389, 391, 392, 397]
Real value = 22444.0 Cover = 400
(Gen. 2 at 34.447s) BestSol = Solution: cost=[28575.0], size=[191], elements=[0, 2, 5, 6, 7, 10, 14, 17, 18, 20, 21, 23, 24, 25, 27, 30, 31, 34, 35, 36, 37, 39, 41, 43, 44, 45, 48, 52, 54, 56, 58, 59, 60, 61, 62, 63, 65, 66, 67, 68, 69, 70, 72, 82, 83, 85, 90, 91, 97, 104, 105, 106, 107, 108, 111, 112, 117, 118, 121, 124, 128, 129, 135, 136, 138, 140, 141, 145, 146, 148, 149, 152, 153, 155, 160, 161, 171, 173, 174, 175, 177, 181, 183, 184, 187, 188, 189, 191, 197, 198, 201, 205, 207, 208, 210, 211, 215, 216, 218, 220, 222, 223, 224, 226, 227, 228, 229, 232, 233, 234, 235, 236, 237, 238, 240, 241, 242, 244, 246, 249, 252, 253, 257, 258, 259, 261, 268, 270, 271, 272, 274, 276, 277, 278, 281, 284, 285, 287, 289, 291, 292, 295, 297, 300, 301, 302, 306, 307, 311, 314, 316, 317, 321, 325, 327, 330, 332, 333, 334, 336, 339, 340, 341, 342, 344, 345, 346, 347, 349, 350, 351, 353, 358, 361, 364, 366, 367, 370, 375, 376, 378, 380, 381, 382, 384, 385, 389, 391, 393, 394, 397]
Real value = 28575.0 Cover = 400
maxVal = Solution: cost=[28575.0], size=[191], elements=[0, 2, 5, 6, 7, 10, 14, 17, 18, 20, 21, 23, 24, 25, 27, 30, 31, 34, 35, 36, 37, 39, 41, 43, 44, 45, 48, 52, 54, 56, 58, 59, 60, 61, 62, 63, 65, 66, 67, 68, 69, 70, 72, 82, 83, 85, 90, 91, 97, 104, 105, 106, 107, 108, 111, 112, 117, 118, 121, 124, 128, 129, 135, 136, 138, 140, 141, 145, 146, 148, 149, 152, 153, 155, 160, 161, 171, 173, 174, 175, 177, 181, 183, 184, 187, 188, 189, 191, 197, 198, 201, 205, 207, 208, 210, 211, 215, 216, 218, 220, 222, 223, 224, 226, 227, 228, 229, 232, 233, 234, 235, 236, 237, 238, 240, 241, 242, 244, 246, 249, 252, 253, 257, 258, 259, 261, 268, 270, 271, 272, 274, 276, 277, 278, 281, 284, 285, 287, 289, 291, 292, 295, 297, 300, 301, 302, 306, 307, 311, 314, 316, 317, 321, 325, 327, 330, 332, 333, 334, 336, 339, 340, 341, 342, 344, 345, 346, 347, 349, 350, 351, 353, 358, 361, 364, 366, 367, 370, 375, 376, 378, 380, 381, 382, 384, 385, 389, 391, 393, 394, 397]
TotalTime = 34.687 seconds
