Instance: instancia_n50_padrao1
Parameters: {'enable_latin_hyper_cube': False, 'enable_mutate_or_crossover': True, 'enable_uniform_crossover': True, 'population_size': 100, 'mutation_rate': 0.05, 'time_limit': 30}

(Gen. 0) BestSol = Solution: cost=[2418.0], size=[35], elements=[1, 2, 5, 6, 7, 8, 12, 13, 14, 15, 17, 18, 19, 21, 22, 23, 25, 26, 27, 28, 29, 30, 31, 32, 33, 34, 36, 37, 38, 39, 42, 44, 45, 46, 49]
Real value = 2418.0 Cover = 50
(Gen. 0 at 0.318s) BestSol = Solution: cost=[2839.0], size=[34], elements=[5, 6, 7, 8, 11, 13, 14, 15, 16, 17, 18, 19, 21, 22, 23, 25, 26, 27, 28, 29, 30, 31, 32, 33, 34, 36, 37, 38, 40, 41, 42, 44, 45, 46]
Real value = 2839.0 Cover = 50
(Gen. 1 at 0.464s) BestSol = Solution: cost=[3188.0], size=[36], elements=[2, 5, 6, 7, 8, 11, 13, 14, 15, 17, 18, 19, 21, 22, 23, 24, 25, 27, 28, 29, 30, 31, 32, 33, 34, 36, 37, 38, 39, 40, 42, 43, 44, 45, 46, 47]
Real value = 3188.0 Cover = 50
(Gen. 3 at 0.785s) BestSol = Solution: cost=[3504.0], size=[32], elements=[3, 6, 7, 8, 9, 11, 14, 15, 19, 20, 21, 22, 23, 25, 26, 27, 28, 29, 31, 32, 33, 34, 35, 36, 38, 39, 40, 42, 43, 44, 45, 47]
Real value = 3504.0 Cover = 50
(Gen. 4 at 0.933s) BestSol = Solution: cost=[3915.0], size=[34], elements=[6, 7, 8, 10, 11, 12, 14, 15, 19, 21, 22, 23, 24, 25, 26, 27, 28, 29, 30, 31, 32, 33, 34, 35, 36, 38, 39, 40, 41, 42, 44, 45, 47, 49]
Real value = 3915.0 Cover = 50
(Gen. 7 at 1.387s) BestSol = Solution: cost=[4308.0], size=[33], elements=[5, 6, 7, 8, 10, 11, 12, 13, 14, 15, 18, 20, 21, 22, 24, 25, 26, 27, 28, 29, 30, 33, 34, 35, 36, 37, 38, 39, 40, 44, 45, 47, 48]
Real value = 4308.0 Cover = 50
(Gen. 8 at 1.538s) BestSol = Solution: cost=[4542.0], size=[39], elements=[0, 2, 5, 6, 7, 8, 9, 10, 11, 12, 13, 14, 15, 17, 18, 19, 20, 21, 22, 24, 25, 26, 27, 28, 29, 30, 33, 34, 35, 36, 37, 38, 40, 42, 43, 44, 45, 47, 48]
Real value = 4542.0 Cover = 50
(Gen. 13 at 2.499s) BestSol = Solution: cost=[5040.0], size=[35], elements=[5, 6, 7, 8, 9, 10, 11, 12, 14, 15, 17, 18, 20, 21, 22, 24, 25, 26, 27, 28, 29, 30, 32, 33, 34, 35, 36, 37, 38, 39, 42, 44, 45, 47, 49]
Real value = 5040.0 Cover = 50
(Gen. 16 at 3.004s) BestSol = Solution: cost=[5386.0], size=[35], elements=[2, 5, 6, 7, 8, 9, 10, 11, 12, 14, 15, 17, 20, 22, 24, 25, 26, 27, 28, 29, 30, 31, 32, 33, 34, 35, 36, 37, 38, 40, 42, 44, 45, 47, 49]
Real value = 5386.0 Cover = 50
(Gen. 17 at 3.212s) BestSol = Solution: cost=[5462.0], size=[39], elements=[5, 6, 7, 8, 9, 10, 11, 12, 13, 14, 15, 17, 18, 19, 20, 21, 22, 23, 24, 25, 26, 27, 28, 29, 31, 32, 33, 34, 35, 36, 37, 38, 39, 40, 42, 44, 45, 47, 49]
Real value = 5462.0 Cover = 50
(Gen. 20 at 4.019s) BestSol = Solution: cost=[5505.0], size=[40], elements=[5, 6, 7, 8, 9, 10, 11, 12, 13, 14, 15, 17, 18, 19, 20, 21, 22, 23, 24, 25, 26, 27, 29, 30, 32, 33, 34, 35, 36, 37, 38, 39, 40, 42, 43, 44, 45, 46, 47, 49]
Real value = 5505.0 Cover = 50
(Gen. 21 at 4.169s) BestSol = Solution: cost=[5565.0], size=[36], elements=[2, 5, 6, 7, 8, 9, 11, 12, 13, 14, 15, 17, 18, 20, 21, 22, 24, 25, 26, 27, 29, 31, 32, 33, 34, 35, 36, 37, 38, 39, 40, 42, 44, 45, 47, 49]
Real value = 5565.0 Cover = 50
(Gen. 24 at 4.7s) BestSol = Solution: cost=[5797.0], size=[38], elements=[5, 6, 7, 8, 9, 10, 11, 12, 13, 14, 15, 17, 18, 19, 20, 21, 22, 24, 25, 26, 27, 28, 29, 31, 32, 33, 34, 35, 36, 37, 38, 39, 40, 42, 44, 45, 47, 49]
Real value = 5797.0 Cover = 50
(Gen. 26 at 5.068s) BestSol = Solution: cost=[5804.0], size=[37], elements=[5, 6, 7, 8, 9, 10, 11, 12, 13, 14, 15, 17, 18, 20, 21, 22, 24, 25, 26, 27, 29, 30, 31, 32, 33, 34, 35, 36, 37, 38, 39, 40, 42, 44, 45, 47, 49]
Real value = 5804.0 Cover = 50
(Gen. 28 at 5.457s) BestSol = Solution: cost=[5968.0], size=[36], elements=[5, 6, 7, 8, 9, 11, 12, 13, 14, 15, 17, 18, 19, 20, 21, 22, 24, 25, 26, 27, 29, 31, 32, 33, 34, 35, 36, 37, 38, 39, 40, 42, 44, 45, 47, 49]
Real value = 5968.0 Cover = 50
(Gen. 41 at 7.886s) BestSol = Solution: cost=[6082.0], size=[37], elements=[5, 6, 7, 8, 9, 10, 11, 12, 13, 14, 15, 17, 18, 19, 20, 21, 22, 24, 25, 26, 27, 29, 31, 32, 33, 34, 35, 36, 37, 38, 39, 40, 42, 44, 45, 47, 49]
Real value = 6082.0 Cover = 50
(Gen. 52 at 9.787s) BestSol = Solution: cost=[6124.0], size=[38], elements=[5, 6, 7, 8, 9, 10, 11, 12, 13, 14, 15, 17, 18, 19, 20, 21, 22, 24, 25, 26, 27, 29, 31, 32, 33, 34, 35, 36, 37, 38, 39, 40, 42, 44, 45, 46, 47, 49]
Real value = 6124.0 Cover = 50
(Gen. 67 at 12.271s) BestSol = Solution: cost=[6144.0], size=[37], elements=[5, 6, 7, 8, 9, 10, 11, 12, 13, 14, 15, 17, 18, 19, 20, 21, 22, 24, 25, 26, 27, 29, 31, 32, 33, 34, 35, 36, 38, 39, 40, 42, 44, 45, 46, 47, 49]
Real value = 6144.0 Cover = 50
maxVal = Solution: cost=[6144.0], size=[37], elements=[5, 6, 7, 8, 9, 10, 11, 12, 13, 14, 15, 17, 18, 19, 20, 21, 22, 24, 25, 26, 27, 29, 31, 32, 33, 34, 35, 36, 38, 39, 40, 42, 44, 45, 46, 47, 49]
TotalTime = 12.275 seconds
